774
772
772
763
766
768
768
766
755
764
764
794
762
766
772
764
790
778
780
759
754
770
768
772
768
771
759
772
768
766
790
764
771
770
774
782
793
778
767
772
769
770
762
780
765
768
774
762
772
801
763
774
780
772
789
790
778
772
768
758
758
768
765
758
762
772
761
754
784
772
767
762
778
788
777
772
763
759
751
780
766
754
756
768
758
759
796
749
758
766
772
779
786
770
772
761
759
759
764
768
772
762
763
764
772
786
754
774
769
771
771
790
776
766
762
763
772
769
755
759
768
767
759
755
768
793
768
766
774
780
788
786
770
758
756
762
762
768
768
758
758
772
769
764
766
794
764
768
766
775
788
788
770
762
768
771
754
758
766
768
768
755
758
768
761
778
762
772
775
780
786
786
768
753
759
754
764
761
759
763
762
768
768
758
758
791
761
762
770
774
790
793
766
758
768
767
759
759
773
761
768
770
763
768
803
772
770
766
788
785
788
770
766
772
768
763
762
772
761
766
766
758
774
788
759
766
772
780
786
778
772
768
763
762
764
765
758
762
758
768
764
759
779
768
765
766
771
786
782
768
762
754
759
764
754
758
754
756
758
754
758
758
761
768
770
771
788
772
759
754
768
757
754
755
758
761
754
762
759
756
792
752
755
772
761
770
784
772
761
759
754
752
759
764
754
754
764
757
754
754
756
788
768
758
754
772
781
774
762
764
753
755
754
755
764
755
752
752
758
761
754
743
788
745
754
762
768
783
781
774
758
758
757
754
754
754
756
764
754
758
772
761
756
790
755
768
772
763
778
786
768
768
762
758
764
765
764
758
762
764
765
758
758
786
740
768
762
771
781
783
770
755
772
761
755
763
772
761
759
762
754
756
756
790
746
754
768
772
774
784
775
757
758
754
758
755
754
755
764
753
752
754
788
737
764
763
766
773
775
763
754
755
751
758
758
758
756
759
754
754
758
751
775
752
756
757
772
778
770
758
756
752
754
756
756
746
752
764
764
758
758
775
756
753
758
762
780
777
759
752
754
748
748
747
754
748
751
746
742
756
785
735
752
756
763
763
770
762
750
756
752
754
751
756
754
746
748
753
746
739
756
758
750
754
755
772
779
770
754
758
755
748
758
758
751
759
755
752
756
757
756
784
746
758
761
758
775
780
761
756
746
742
758
757
746
752
754
756
751
747
754
774
758
761
764
770
774
772
763
756
754
752
764
749
756
754
752
754
748
761
775
754
758
761
766
778
763
764
749
756
754
754
751
756
754
754
756
753
784
727
756
764
758
763
770
772
749
752
755
756
751
746
752
756
753
739
752
790
739
754
754
764
768
773
754
746
756
744
743
746
742
740
748
754
734
748
775
739
746
756
764
772
763
752
750
749
752
754
758
751
756
754
759
748
756
766
754
756
751
758
770
766
750
748
738
735
748
737
731
730
742
739
742
738
774
748
756
754
758
773
765
752
742
756
745
738
738
748
745
747
747
756
741
755
752
742
745
754
754
762
768
748
747
739
748
748
747
746
748
748
752
742
748
760
754
739
742
756
763
758
754
756
745
735
735
748
745
735
731
740
741
750
742
742
782
756
754
755
764
773
766
752
756
749
746
754
748
756
748
747
754
756
748
752
787
756
751
754
754
774
767
754
746
756
758
750
754
747
756
748
754
746
756
748
762
755
754
756
759
771
774
768
753
750
747
746
756
751
746
754
749
756
746
754
789
740
754
758
751
772
775
762
750
749
746
742
756
748
742
752
738
739
788
749
739
754
754
768
768
739
738
748
740
738
738
742
748
742
734
748
761
743
739
756
753
766
762
746
748
748
746
742
750
749
743
746
748
743
774
727
748
748
747
759
758
761
743
739
756
749
742
739
743
731
742
734
731
768
732
726
726
748
748
746
738
732
732
734
730
736
732
732
730
730
726
729
752
731
736
744
735
754
756
733
722
723
732
729
730
723
736
729
735
731
740
749
731
731
740
737
746
754
750
736
732
726
731
727
732
730
730
732
736
722
727
768
723
732
730
734
748
743
734
722
724
721
722
707
726
717
722
730
726
724
756
722
738
740
740
739
747
748
723
727
730
730
740
731
731
730
742
729
736
762
734
724
732
735
743
750
731
734
723
736
724
732
722
722
727
732
722
722
764
725
723
730
740
748
756
734
723
736
740
736
735
730
726
739
731
734
754
736
744
734
742
756
761
746
735
738
736
736
734
738
740
732
735
723
736
768
732
738
742
748
751
762
742
743
737
731
734
743
739
738
734
746
740
740
766
723
