743
745
747
747
772
751
740
735
742
741
748
739
739
748
747
742
738
748
769
741
747
754
758
772
774
742
756
745
754
742
756
745
746
747
762
748
756
774
738
756
757
762
766
788
765
752
754
754
756
756
747
747
756
753
754
752
764
777
754
747
759
761
763
767
758
748
749
739
752
748
749
742
752
756
745
742
774
746
748
756
759
778
768
761
746
746
756
761
747
746
748
756
768
743
754
788
756
754
754
757
772
770
758
756
749
747
754
756
749
754
754
758
748
749
774
731
768
753
754
759
780
757
750
746
746
757
748
746
746
758
753
738
739
748
777
739
742
756
757
772
774
746
752
748
748
739
743
741
749
743
747
748
745
778
727
750
751
754
762
774
756
750
746
747
748
748
746
746
754
759
756
750
766
740
751
754
754
768
774
757
752
742
743
747
739
746
738
740
742
726
731
788
733
735
738
756
761
774
747
742
748
751
742
752
740
748
746
746
747
741
783
738
742
756
764
759
774
759
749
743
754
748
749
754
742
750
739
754
746
750
753
766
752
762
764
768
774
770
751
748
755
746
749
756
747
754
750
751
754
755
752
750
796
758
758
756
764
779
786
768
756
747
752
759
747
743
747
758
745
747
758
768
751
746
786
756
755
754
755
774
777
758
739
752
741
750
752
752
748
756
756
754
754
748
745
771
731
755
756
764
770
770
768
749
746
746
750
756
748
747
746
740
740
743
754
748
765
747
746
755
768
765
766
752
748
740
748
738
743
741
748
742
746
741
756
742
743
775
729
742
746
754
768
774
755
742
752
744
742
742
738
740
748
735
735
750
737
758
754
756
749
743
754
766
768
748
739
739
756
747
742
738
742
757
750
743
746
788
745
752
746
764
761
762
754
748
739
746
747
738
748
736
734
742
748
739
735
766
743
748
750
754
766
772
749
739
742
743
737
738
739
742
745
746
735
736
765
720
739
748
749
754
774
764
740
748
746
746
748
748
746
742
748
748
752
746
764
719
746
746
758
749
759
754
748
741
740
743
746
750
741
746
735
756
744
735
770
732
748
748
746
758
772
761
738
743
746
748
748
739
747
748
749
742
735
743
781
731
742
756
761
758
763
756
744
746
746
742
743
748
754
742
756
756
752
742
754
780
748
754
754
768
767
766
746
748
737
739
742
746
749
748
743
739
748
748
748
762
752
756
758
758
774
780
764
752
754
749
751
752
754
756
761
754
758
748
751
770
746
758
758
768
766
774
772
749
746
742
754
750
749
754
754
756
756
754
746
757
772
754
754
768
768
780
774
754
749
753
752
752
746
758
749
758
758
747
758
777
754
755
772
771
780
774
752
758
749
756
754
747
748
753
754
746
756
793
738
752
768
761
774
778
758
758
757
746
747
764
749
754
746
764
755
752
779
759
761
754
770
775
780
768
754
754
764
757
758
752
764
763
768
750
767
772
761
764
763
774
783
774
758
752
764
756
755
754
756
749
755
754
759
793
756
762
762
772
777
775
766
754
756
764
766
758
764
758
758
762
756
777
755
747
768
768
780
786
775
759
758
762
758
757
756
754
759
768
761
754
790
762
768
777
767
787
790
769
762
763
768
771
780
766
766
780
767
767
794
768
771
771
778
804
797
786
774
780
777
771
774
780
769
783
774
767
788
793
772
784
786
796
804
790
770
773
775
770
770
773
769
767
774
774
796
768
770
774
783
787
794
784
780
769
770
767
767
773
772
778
770
768
785
770
762
780
777
779
790
790
771
772
766
770
768
772
771
766
780
765
763
799
772
777
763
778
790
795
783
774
770
772
772
778
770
774
776
784
770
766
804
757
770
778
789
796
795
784
780
776
771
766
766
764
757
766
762
774
763
772
790
770
780
777
784
794
800
773
768
771
762
772
772
770
774
772
780
778
771
772
796
774
771
780
776
784
790
789
781
774
766
782
769
766
766
764
764
772
784
759
768
796
768
771
762
780
793
778
790
768
782
780
770
750
774
768
770
779
780
772
774
778
775
793
786
770
800
769
788
795
763
791
761
788
786
754
788
764
784
799
812
877
790
806
802
782
804
806
802
780
772
767
763
786
791
777
774
784
810
789
783
784
790
812
793
799
762
782
777
758
779
772
777
778
774
780
812
780
798
786
800
797
798
786
796
777
786
794
784
812
788
806
806
796
809
788
790
778
783
796
794
791
788
793
791
774
775
791
800
790
786
796
796
781
795
790
788
812
812
810
811
804
805
802
798
805
813
816
810
830
825
830
818
828
827
834
826
836
825
816
823
826
