828
825
822
823
822
828
845
822
826
830
840
834
842
838
836
833
830
826
836
832
826
822
826
828
852
835
834
837
836
838
831
828
815
806
816
810
812
809
803
798
794
804
779
787
790
804
799
802
802
794
796
793
787
790
786
796
787
779
794
788
788
788
786
790
800
796
786
786
782
780
784
784
783
785
771
786
786
781
780
786
786
804
788
781
779
774
780
777
767
778
788
775
804
759
775
780
781
786
790
781
780
774
771
775
780
774
779
780
780
778
771
782
777
786
786
791
777
770
766
774
775
775
771
770
772
797
755
766
780
777
788
786
771
772
774
771
774
774
780
771
767
804
761
774
774
780
781
778
774
780
776
772
771
770
772
772
763
794
774
773
775
774
784
788
769
762
763
772
765
762
763
768
763
790
758
763
772
776
774
774
772
761
759
762
772
765
766
763
762
788
764
766
770
772
775
779
770
764
758
762
766
764
768
766
766
768
765
771
763
773
772
772
771
767
768
761
758
755
772
758
764
762
758
768
772
758
762
772
772
772
759
754
768
757
754
754
759
760
752
752
764
753
788
754
754
758
764
763
766
768
756
754
754
759
758
755
752
750
756
754
747
756
764
756
754
754
758
764
766
754
748
745
742
742
748
745
748
747
742
743
748
742
742
775
740
746
754
756
757
759
754
750
747
742
743
748
745
738
734
748
741
735
734
735
736
733
759
723
748
737
739
747
758
749
741
734
734
740
744
734
742
739
748
745
739
738
742
756
748
738
739
748
756
759
755
748
743
742
746
740
740
739
739
743
733
735
731
748
733
731
766
742
744
735
739
750
772
748
739
746
749
756
778
755
772
749
752
755
772
769
780
778
794
788
782
784
778
802
804
796
786
778
782
791
778
790
780
781
795
786
790
793
786
770
800
809
754
791
780
787
799
826
786
780
812
803
799
818
796
804
810
810
806
790
791
790
812
805
794
798
812
797
803
795
802
805
812
798
802
791
809
795
818
790
828
805
826
850
829
812
798
818
814
845
826
807
804
804
836
818
806
820
815
814
786
827
822
831
829
826
830
830
820
819
822
798
812
815
826
791
794
796
801
763
775
804
781
784
826
790
799
786
786
812
809
806
794
791
800
812
794
794
788
768
818
786
772
781
722
763
726
729
735
699
710
655
667
595
710
749
722
803
718
653
667
640
700
697
722
706
724
700
709
698
670
684
676
678
682
717
686
690
710
716
742
730
731
736
724
752
762
759
745
756
730
754
748
749
748
746
746
800
724
758
779
768
768
762
774
772
755
768
774
759
782
777
764
755
774
742
765
770
774
788
797
798
784
789
785
774
767
780
780
780
774
771
796
774
778
786
783
800
795
787
788
788
788
784
786
791
789
788
779
818
775
797
786
794
802
812
800
787
790
788
785
779
779
791
799
788
784
819
782
793
791
794
806
815
796
794
790
791
796
786
790
796
796
790
791
782
787
804
791
787
796
800
810
807
804
791
790
790
796
782
794
790
789
788
786
787
788
812
786
786
789
797
794
803
804
793
774
786
786
790
788
784
786
787
788
788
790
786
800
808
788
790
791
800
807
802
794
788
777
788
786
786
788
788
771
775
786
789
783
786
806
782
789
774
807
820
811
790
790
788
777
778
774
780
783
774
778
778
782
777
778
794
774
792
784
786
787
804
793
766
778
772
777
787
774
774
783
781
774
771
780
779
800
784
790
788
796
790
798
788
788
778
784
788
777
784
771
790
788
790
779
778
804
801
788
778
790
796
812
806
798
796
788
786
790
788
787
784
786
800
793
778
786
814
785
794
790
812
809
816
798
804
797
790
787
790
777
816
803
804
785
787
786
816
788
800
791
794
804
809
802
786
786
780
789
786
779
789
796
794
790
790
804
804
786
786
802
812
822
806
794
788
793
787
794
800
801
790
787
806
793
787
810
807
801
799
802
828
825
799
787
798
800
796
787
790
789
795
799
794
804
833
794
794
804
809
822
826
810
804
806
798
802
812
804
804
803
806
804
813
834
798
820
811
818
827
836
835
803
806
815
815
798
802
814
809
806
810
820
809
838
790
804
820
821
823
830
818
813
807
818
810
812
812
810
806
820
806
810
839
796
812
818
818
830
840
818
816
828
815
806
807
810
820
809
818
810
812
817
836
798
818
820
815
826
834
818
820
828
818
811
820
809
818
806
820
825
816
818
822
840
818
816
822
825
838
822
834
847
820
810
819
820
813
818
822
810
807
813
818
818
813
814
830
822
812
821
818
834
847
840
818
819
830
825
818
